32 129
3 4
23 10
3 13
11 15
7 22
4 27
17 31
29 5
24 3
12 4
24 8
9 16
11 4
27 7
30 4
7 24
23 22
1 17
3 28
6 11
12 29
22 24
0 22
30 1
28 1
22 1
23 20
15 23
12 18
0 7
2 21
28 0
6 12
24 6
30 6
14 12
7 28
3 23
21 19
15 0
2 13
8 28
20 15
21 30
26 18
29 10
5 11
16 14
7 16
8 16
27 22
7 5
23 8
11 14
0 24
29 3
11 31
12 21
16 24
29 13
20 22
25 4
21 15
0 5
6 31
9 11
20 0
17 22
26 31
6 16
2 11
5 30
0 25
17 21
6 14
15 26
2 14
27 28
28 6
17 3
14 13
3 15
20 29
6 15
8 4
30 15
28 11
31 25
11 22
18 22
8 26
16 0
27 1
31 20
13 10
2 5
8 1
9 4
23 13
2 26
31 22
18 29
19 26
7 23
24 9
26 11
11 20
1 14
17 25
22 16
21 10
12 31
26 4
2 22
23 28
30 12
30 3
7 11
10 11
20 13
7 10
5 17
0 14
10 1
20 2
30 18
1 2
17 11
28 2